15939911
16778410
18258107
18561524
18666334
18787726
18815636
19214295
19816630
19860007
19860925
20146086
20671919
20977862
21067996
21129213
21254744
21308977
21477357
21505579
21527041
21672201
21720478
22218279
22515939
22520024
22665582
22791498
22814979
23033875
23035161
23077697
23242090
23468586
23678274
23864579
23897372
24161539
24294397
24518095
24526194
24654246
24781756
24898994
25024632
25139918
25210224
25293719
25295501
25410034
25410883
25572898
25721834
25743872
25793030
25853982
25858931
25884600
25926582
25934795
26106249
26175648
26216058
26228535
26257516
26264228
26266396
26285706
26309459
26313770
26327988
26336183
26350418
26361431
26361640
26395443
26405496
26444414
26457578
26469535
26474553
26523273
26584481
26629302
26656340
26675562
26692730
26714786
27004009
27057898
27059701
27064109
27100441
27218632
27661040
27749582
27793101
27842595
27842605
27846860
27904130
27906105
27974938
27980261
27980272
27990013
27998312
28033278
28057913
28090049
28100235
28100279
28103924
28115731
28120581
28121940
28151860
28151916
28154281
28154287
28154669
28193213
28202862
28202865
28202869
28207542
28239141
28248858
28265107
28272214
28272235
28292056
28296749
28296775
28320420
28321070
28321071
28321073
28353556
28353558
28353561
28353596
28353604
28353613
28383413
28403086
28538413
28559815
28595573
28767567
