10216975
10361460
11565223
11640494
12012933
12064066
12187897
12787974
13273833
13287254
13520542
14095574
14100240
14336437
15259303
15976682
16555497
17433222
1859113
21171244
21242916
2162039
2717865
2749450
2800860
3095777
3400018
3592496
3902157
4465215
4657879
4661138
4957454
4963941
5001461
5356352
5584930
6564771
6677350
6763466
6923861
7302420
7393687
7847697
827258
8415483
9499949
9569906
9810079
1019393
10320911
10333701
10434200
1071228
10992049
12282501
12929552
13303518
13616948
14121263
14323055
14666784
161223
16552993
17044292
17086126
19282070
19447330
203372
20594791
2698403
3065884
334782
3402008
3406096
4096338
4157454
4485452
4905972
4934476
4972560
5151969
5161199
5256543
5385337
5510422
5607723
5847267
6128723
6161455
6532299
6925349
7646283
7754300
8218660
825255
825314
8504353
8706231
9835868
