17803823
18561524
18666334
18787726
19214295
19307547
19610147
19816630
19860006
20146086
20977862
21129213
21254744
21308977
21477357
21505579
21923918
22514576
22520024
22781096
23033875
23035161
23076693
23124805
23242090
23678274
23864579
24043987
24161539
24294397
24526194
24654246
24781756
25024632
25139918
25293719
25370695
25410883
25572898
25661749
25743872
25759562
25884600
26106249
26175648
26216058
26266396
26285706
26313770
26336183
26350418
26361431
26395443
26457578
26523273
26629302
26692730
27057898
27059701
27064109
27100441
27130218
27218632
27741115
27749582
27821134
27842605
27928148
27974938
27980261
27990013
27998312
28033278
28090049
28100235
28100279
28121940
28151860
28154669
28154700
28173879
28193213
28196820
28202862
28202865
28248858
28250304
28272214
28272235
28296749
28320420
28353569
28353588
28353613
28403086
28403092
28403099
28538413
28559815
28767567
