16778410
17803823
18236639
18561524
18666334
18787726
18815636
19214295
19307547
19610147
19816630
19860006
19860925
20146086
20671919
20977862
21129213
21254744
21308977
21477357
21505579
21720478
21923918
22218279
22514576
22520024
22719160
22781096
22814979
23033875
23035161
23076693
23077697
23124805
23155491
23242090
23468586
23678274
23864579
24043987
24161539
24294397
24526194
24654246
24781756
24957905
25023062
25024632
25139918
25155594
25293719
25370695
25410034
25410883
25572898
25661749
25721834
25743872
25759562
25793030
25853982
25858931
25884600
25934795
26106249
26175648
26216058
26257516
26264228
26266396
26285706
26313770
26336183
26350418
26361431
26395443
26405496
26445413
26457578
26469535
26523273
26629302
26670309
26692730
26714786
27057898
27059701
27064109
27100441
27130218
27218632
27661040
27741115
27749582
27773410
27821134
27842605
27904130
27928148
27974938
27980261
27980272
27990013
27998312
28033278
28057913
28079821
28090049
28100235
28100279
28103924
28115731
28121940
28151860
28151916
28154281
28154287
28154669
28154700
28173879
28193213
28196820
28202862
28202865
28207542
28248858
28248891
28250304
28265107
28272214
28272235
28292056
28296749
28320420
28321070
28321071
28353558
28353561
28353569
28353588
28353596
28353613
28383413
28403086
28403092
28403099
28538413
28559815
28595573
28767567
